A	R	N	D	C	Q	E	G	H	I	L	K	M	F	P	S	T	W	Y	V	*
A	-0.9963860	0.0484684	0.0678956	0.0762564	0.2392514	0.1608029	0.1568679	0.2601253	0.0457715	0.0043612	0.0250315	0.0593632	0.0786430	0.0135600	0.2222267	0.6494057	0.3310943	0.0223458	0.0109122	0.1969857	0.1327080
R	0.0371691	-0.6072628	0.0719267	0.0089669	0.1358289	0.3455808	0.0239807	0.0594888	0.2562756	0.0045780	0.0277070	0.6445594	0.0272957	0.0026285	0.0375556	0.0794032	0.0561126	0.0370669	0.0044954	0.0121038	0.1017700
N	0.0071386	0.0098614	-1.7400577	0.0877621	0.0094957	0.0351415	0.0036713	0.0350212	0.1325245	0.0033220	0.0010992	0.0552465	0.0078300	0.0015895	0.0025139	0.1078387	0.0513448	0.0006076	0.0056490	0.0013671	0.0139530
D	0.0343259	0.0052634	0.3757360	-0.9620367	0.0078791	0.0287447	0.3738716	0.0931071	0.0521022	0.0009125	0.0022678	0.0086943	0.0039529	0.0020395	0.0272677	0.0570948	0.0206874	0.0041778	0.0049770	0.0029252	0.0597370
C	0.0079740	0.0059032	0.0030101	0.0005834	-1.1120908	0.0007291	0.0000137	0.0035253	0.0062191	0.0010934	0.0032349	0.0002265	0.0044539	0.0082610	0.0004185	0.0164707	0.0058949	0.0080722	0.0099608	0.0072094	0.0044230
Q	0.0374393	0.1049205	0.0778186	0.0148677	0.0050930	-1.5674146	0.1331222	0.0182718	0.2058998	0.0017053	0.0216772	0.1339739	0.0599372	0.0011739	0.0256401	0.0458541	0.0458699	0.0046266	0.0031158	0.0078196	0.0308980
E	0.1036282	0.0206578	0.0230673	0.5486813	0.0002722	0.3777125	-0.8596528	0.0570021	0.0192151	0.0019102	0.0038510	0.0744399	0.0102992	0.0023001	0.0348795	0.0365919	0.0524632	0.0047256	0.0029389	0.0172260	0.0876680
G	0.1335733	0.0398336	0.1710398	0.1062120	0.0543143	0.0402982	0.0443082	-0.7333192	0.0270883	0.0015716	0.0037721	0.0321262	0.0081994	0.0043271	0.0260197	0.1731063	0.0233996	0.0133040	0.0033017	0.0063536	0.0681450
H	0.0068318	0.0498802	0.1881349	0.0172764	0.0278519	0.1319976	0.0043415	0.0078739	-1.1018612	0.0014700	0.0098498	0.0110018	0.0066775	0.0215768	0.0099090	0.0164647	0.0105449	0.0175791	0.1524231	0.0028910	0.0198080
I	0.0013896	0.0019021	0.0100671	0.0006459	0.0104530	0.0023337	0.0009213	0.0009751	0.0031379	-1.7365421	0.1757908	0.0036711	0.2496422	0.0293335	0.0032565	0.0028816	0.0421261	0.0032669	0.0048808	0.5082728	0.0422830
L	0.0197479	0.0285036	0.0082480	0.0039746	0.0765723	0.0734517	0.0045990	0.0057954	0.0520617	0.4352716	-0.6606414	0.0081566	0.8805636	0.2091844	0.0259398	0.0124508	0.0232572	0.0498734	0.0188504	0.1822249	0.1046960
K	0.0134156	0.1899477	0.1187485	0.0043650	0.0015359	0.1300412	0.0254657	0.0141389	0.0166577	0.0026039	0.0023365	-1.1924225	0.0263769	0.0007682	0.0091042	0.0219295	0.0516593	0.0010466	0.0005181	0.0028391	0.0299910
M	0.0091355	0.0041347	0.0086510	0.0010201	0.0155238	0.0299046	0.0018111	0.0018549	0.0051969	0.0910173	0.1296589	0.0135583	-1.8034173	0.0170300	0.0020043	0.0049224	0.0442336	0.0094046	0.0045502	0.0380003	0.0154160
F	0.0030716	0.0007764	0.0034245	0.0010263	0.0561457	0.0011421	0.0007887	0.0019088	0.0327454	0.0208546	0.0600624	0.0007700	0.0332083	-0.6511375	0.0025962	0.0069421	0.0021442	0.0648448	0.4392142	0.0126335	0.0300610
P	0.0604564	0.0133229	0.0065047	0.0164797	0.0034162	0.0299593	0.0143639	0.0137852	0.0180607	0.0027806	0.0089450	0.0109595	0.0046939	0.0031180	-0.5859747	0.0686876	0.0229189	0.0050580	0.0023902	0.0090393	0.0361030
S	0.2533655	0.0403968	0.4001616	0.0494859	0.1928072	0.0768380	0.0216109	0.1315247	0.0430371	0.0035286	0.0061574	0.0378588	0.0165324	0.0119569	0.0985062	-1.7319854	0.4224626	0.0186394	0.0087963	0.0036161	0.0517760
T	0.1281460	0.0283199	0.1890077	0.0177874	0.0684552	0.0762514	0.0307372	0.0176370	0.0273434	0.0511724	0.0114098	0.0884725	0.1473773	0.0036636	0.0326063	0.4190927	-1.3587652	0.0062666	0.0043567	0.0837056	0.0513630
W	0.0015934	0.0034466	0.0004121	0.0006618	0.0172704	0.0014170	0.0005101	0.0018475	0.0083982	0.0007311	0.0045078	0.0003302	0.0057729	0.0204127	0.0013258	0.0034067	0.0011545	-0.3487943	0.0330365	0.0016327	0.0094630
Y	0.0014608	0.0007847	0.0071923	0.0014801	0.0400075	0.0017914	0.0005955	0.0008607	0.1367021	0.0020506	0.0031986	0.0003069	0.0052435	0.2595602	0.0011762	0.0030181	0.0015069	0.0620197	-0.7280750	0.0026476	0.0177650
V	0.1365235	0.0109389	0.0090114	0.0045038	0.1499171	0.0232768	0.0180723	0.0085754	0.0134241	1.1056072	0.1600838	0.0087069	0.2267175	0.0386536	0.0230284	0.0064237	0.1498905	0.0158686	0.0137076	-1.0994934	0.0919750
