0.307405
0.418851 0.584174
0.493934 0.072420 5.263172
1.468261 1.092238 0.554609 0.108028
1.039888 2.901881 2.087851 0.401438 0.130684
1.019801 0.203747 0.216382 5.390831 0.003121 3.711546
1.622526 0.481807 2.032754 1.293922 0.635756 0.486362 0.544034
0.286975 2.106054 7.977375 0.737670 1.186469 5.638107 0.183423 0.323889
0.023644 0.036216 0.195017 0.013446 0.186454 0.043741 0.017056 0.018992 0.065591
0.159212 0.226971 0.064430 0.032154 0.595177 0.592873 0.036378 0.044786 0.409224 3.369508
0.366409 5.222334 3.244684 0.118819 0.049223 3.613310 0.697425 0.377205 0.440443 0.066008 0.062276
0.485679 0.217133 0.456305 0.052182 0.843087 1.609530 0.097791 0.098298 0.278013 4.778328 6.950332 0.716966
0.080332 0.020400 0.081938 0.028091 1.471895 0.031342 0.022372 0.049587 0.902127 0.543564 1.601295 0.018699 0.886260
1.397551 0.304402 0.129739 0.377254 0.074433 0.682492 0.327266 0.305665 0.407975 0.059767 0.202852 0.236267 0.103139 0.068440
4.214960 0.662587 6.566773 0.820113 3.067985 1.272619 0.359125 2.124622 0.702647 0.057058 0.099592 0.609031 0.265319 0.188844 1.599953
2.133788 0.465851 3.097068 0.292239 1.084205 1.270759 0.508412 0.282384 0.439986 0.815558 0.184312 1.438625 2.411348 0.058566 0.526542 7.013715
0.141326 0.300203 0.041260 0.053421 1.473705 0.125812 0.043655 0.160036 0.742487 0.061177 0.388156 0.030401 0.509477 1.724160 0.111289 0.302421 0.097727
0.064447 0.030898 0.307259 0.065769 1.767227 0.076354 0.025710 0.037676 6.108057 0.090258 0.137945 0.012358 0.236446 11.363298 0.046911 0.133086 0.065975 2.744984
1.232823 0.098086 0.080188 0.040382 1.305103 0.214818 0.165092 0.073953 0.120056 9.780386 1.439038 0.075469 2.031184 0.334238 0.204632 0.057809 1.349930 0.140117 0.102004
0.130855 0.101130 0.014155 0.059219 0.004515 0.030606 0.086114 0.069340 0.019864 0.043110 0.104519 0.030579 0.015537 0.031007 0.037005 0.051029 0.050943 0.009527 0.018679 0.092267