0.573721
0.803681 1.110221
0.902647 0.138408 9.880486
2.832020 2.096580 1.069048 0.207192
1.903425 5.334193 3.956323 0.755881 0.258929
1.856846 0.370153 0.413327 9.831460 0.004878 6.767982
3.079105 0.918236 3.942775 2.448378 1.252042 0.928946 1.021383
0.541797 3.955728 14.919958 1.370098 2.208780 10.468017 0.344303 0.624434
0.051624 0.070664 0.374004 0.023995 0.388341 0.086699 0.034228 0.036228 0.116578
0.296298 0.427670 0.123753 0.059635 1.148895 1.102074 0.069003 0.086954 0.781137 6.530842
0.702683 9.949061 6.219794 0.228628 0.080447 6.811281 1.333840 0.740566 0.872494 0.136385 0.122382
0.930897 0.421322 0.881527 0.103946 1.581854 3.047230 0.184544 0.189012 0.529555 9.274512 13.212030 1.381564
0.160510 0.040572 0.178951 0.053631 2.933947 0.059682 0.041214 0.099748 1.711141 1.089774 3.138616 0.040238 1.735332
2.630499 0.579688 0.283024 0.717041 0.148641 1.303550 0.624983 0.599802 0.785831 0.120984 0.389203 0.476857 0.204236 0.135666
7.687018 1.225624 12.140760 1.501385 5.849702 2.331238 0.655666 3.990413 1.305730 0.107055 0.186812 1.148621 0.501587 0.362767 2.988643
3.919165 0.866123 5.780534 0.544002 2.093607 2.332043 0.940054 0.539403 0.836258 1.565035 0.348952 2.705806 4.507327 0.112045 0.997217 12.817363
0.264507 0.572144 0.068408 0.109862 2.866899 0.235217 0.084675 0.306681 1.394107 0.121371 0.748304 0.054818 0.958313 3.388524 0.220078 0.565514 0.191654
0.129168 0.069389 0.635980 0.130877 3.537651 0.158408 0.052660 0.076111 12.087847 0.181327 0.282832 0.027138 0.463657 22.951542 0.104001 0.266878 0.133245 5.484076
2.331721 0.186828 0.153908 0.076922 2.560473 0.397551 0.308661 0.146462 0.229273 18.882956 2.734113 0.148708 3.872167 0.660175 0.393308 0.109712 2.560019 0.271024 0.234116
0.132708 0.101770 0.013953 0.059737 0.004423 0.030898 0.087668 0.068145 0.019808 0.042283 0.104696 0.029991 0.015416 0.030061 0.036103 0.051776 0.051363 0.009463 0.017765 0.091975