A	R	N	D	C	Q	E	G	H	I	L	K	M	F	P	S	T	W	Y	V	*
A	-1.0089874	0.0482345	0.0657213	0.0775025	0.2303828	0.1631674	0.1600155	0.2545883	0.0450288	0.0037099	0.0249817	0.0574927	0.0762072	0.0126048	0.2192877	0.6613634	0.3348097	0.0221753	0.0101123	0.1934405	0.1308550
R	0.0372775	-0.6110589	0.0708400	0.0087820	0.1324505	0.3518973	0.0247074	0.0584264	0.2553912	0.0043917	0.0275237	0.6332877	0.0263307	0.0024738	0.0369134	0.0803488	0.0564915	0.0364042	0.0037469	0.0118944	0.1011300
N	0.0071093	0.0099154	-1.7329562	0.0893334	0.0094135	0.0354377	0.0036727	0.0345025	0.1354024	0.0033101	0.0010936	0.0550730	0.0077450	0.0013908	0.0022021	0.1114598	0.0525675	0.0007003	0.0052152	0.0013611	0.0141550
D	0.0350741	0.0051425	0.3737361	-0.9751676	0.0076710	0.0285060	0.3828011	0.0918810	0.0523817	0.0009548	0.0022832	0.0084373	0.0037054	0.0019947	0.0267887	0.0582359	0.0207518	0.0037934	0.0046702	0.0028675	0.0592190
C	0.0079491	0.0059133	0.0030026	0.0005849	-1.0806970	0.0007075	0.0000169	0.0034420	0.0064235	0.0010095	0.0032223	0.0002665	0.0045644	0.0079688	0.0004030	0.0166099	0.0058698	0.0079786	0.0095677	0.0070658	0.0045150
Q	0.0381636	0.1064983	0.0766236	0.0147327	0.0047961	-1.5906029	0.1362128	0.0178494	0.2069170	0.0016053	0.0217583	0.1326075	0.0590693	0.0011502	0.0250473	0.0467048	0.0466365	0.0046173	0.0028022	0.0078838	0.0306060
E	0.1053042	0.0210388	0.0223435	0.5566547	0.0003223	0.3832525	-0.8775898	0.0561767	0.0189402	0.0017612	0.0037564	0.0720158	0.0100979	0.0023101	0.0337933	0.0370831	0.0524984	0.0045078	0.0026548	0.0170473	0.0861140
G	0.1349062	0.0400602	0.1690149	0.1075842	0.0528604	0.0404389	0.0452341	-0.7203523	0.0269300	0.0015791	0.0037238	0.0313630	0.0081731	0.0041229	0.0254148	0.1766534	0.0234790	0.0133063	0.0031326	0.0061489	0.0693400
H	0.0068355	0.0501640	0.1900129	0.0175705	0.0282605	0.1342939	0.0043689	0.0077147	-1.1035115	0.0015623	0.0097473	0.0104909	0.0066220	0.0214877	0.0097175	0.0167363	0.0104800	0.0176853	0.1454877	0.0028596	0.0198640
I	0.0012222	0.0018721	0.0100811	0.0006951	0.0096384	0.0022611	0.0008817	0.0009818	0.0033906	-1.6945953	0.1741810	0.0034122	0.2470076	0.0280986	0.0030896	0.0029495	0.0421589	0.0031624	0.0046657	0.5055806	0.0431100
L	0.0199539	0.0284461	0.0080749	0.0040298	0.0745929	0.0743042	0.0045592	0.0056130	0.0512876	0.4222971	-0.6566693	0.0078050	0.8710783	0.2006887	0.0254232	0.0124818	0.0230996	0.0486472	0.0172885	0.1803532	0.1045190
K	0.0134353	0.1914892	0.1189740	0.0043568	0.0018049	0.1324905	0.0255727	0.0138311	0.0161499	0.0024203	0.0022835	-1.1709075	0.0262893	0.0006856	0.0086633	0.0223316	0.0527506	0.0011147	0.0004531	0.0027672	0.0305790
M	0.0090484	0.0040453	0.0085012	0.0009722	0.0157071	0.0299863	0.0018219	0.0018313	0.0051795	0.0890224	0.1294879	0.0133574	-1.7837937	0.0165114	0.0019215	0.0049430	0.0449245	0.0094918	0.0044051	0.0378419	0.0155370
F	0.0029868	0.0007585	0.0030465	0.0010444	0.0547259	0.0011653	0.0008318	0.0018437	0.0335416	0.0202100	0.0595371	0.0006952	0.0329517	-0.6308494	0.0025446	0.0070213	0.0021775	0.0641053	0.4224940	0.0124272	0.0310070
P	0.0620132	0.0135072	0.0057569	0.0167398	0.0033028	0.0302841	0.0145217	0.0135632	0.0181030	0.0026520	0.0090011	0.0104838	0.0045766	0.0030369	-0.5762359	0.0709944	0.0233641	0.0049382	0.0020816	0.0090801	0.0370050
S	0.2579092	0.0405430	0.4018143	0.0501819	0.1877270	0.0778703	0.0219745	0.1300035	0.0429943	0.0034913	0.0060939	0.0372660	0.0162346	0.0115552	0.0978995	-1.7671875	0.4291623	0.0185048	0.0081434	0.0035373	0.0510290
T	0.1303443	0.0284569	0.1891872	0.0178517	0.0662296	0.0776254	0.0310568	0.0172497	0.0268769	0.0498191	0.0112589	0.0878797	0.1472993	0.0035776	0.0321643	0.4284390	-1.3731690	0.0059697	0.0040301	0.0824617	0.0509430
W	0.0016145	0.0034295	0.0004713	0.0006103	0.0168354	0.0014373	0.0004987	0.0018282	0.0084821	0.0006989	0.0044342	0.0003473	0.0058202	0.0196965	0.0012713	0.0034548	0.0011164	-0.3440871	0.0313583	0.0016007	0.0095270
Y	0.0014435	0.0006921	0.0068820	0.0014731	0.0395824	0.0017102	0.0005759	0.0008439	0.1368085	0.0020216	0.0030897	0.0002768	0.0052959	0.2545156	0.0010507	0.0029809	0.0014777	0.0614823	-0.6935948	0.0022847	0.0186790
V	0.1363966	0.0108520	0.0088718	0.0044678	0.1443935	0.0237669	0.0182654	0.0081820	0.0132827	1.0820785	0.1592117	0.0083497	0.2247253	0.0369793	0.0226400	0.0063958	0.1493530	0.0155022	0.0112855	-1.0885034	0.0922670
